{
 "cells": [
  {
   "cell_type": "code",
   "execution_count": 13,
   "metadata": {},
   "outputs": [],
   "source": [
    "import bs4\n",
    "import requests\n",
    "import numpy as np\n",
    "import pandas as pd"
   ]
  },
  {
   "cell_type": "code",
   "execution_count": 7,
   "metadata": {},
   "outputs": [],
   "source": [
    "def get_most_populated_cities(soup):\n",
    "    L=[]\n",
    "    n=0\n",
    "    for x in soup.findAll(\"td\", style = \"text-align:left\"):\n",
    "        if n == 30:\n",
    "            break\n",
    "        elif n%3 == 0:\n",
    "            L.append(x.text.replace(\"\\n\",\"\").replace('''[19]''', \"\"))\n",
    "        n+=1\n",
    "\n",
    "    return L"
   ]
  },
  {
   "cell_type": "code",
   "execution_count": 10,
   "metadata": {},
   "outputs": [],
   "source": [
    "def get_distance(origin, destination):\n",
    "    url = f\"https://fr.distance24.org/route.json?stops={origin}|{destination}\"\n",
    "    data = requests.get(url).json()\n",
    "    return data['distance']"
   ]
  },
  {
   "cell_type": "code",
   "execution_count": 17,
   "metadata": {},
   "outputs": [
    {
     "data": {
      "text/html": [
       "<div>\n",
       "<style scoped>\n",
       "    .dataframe tbody tr th:only-of-type {\n",
       "        vertical-align: middle;\n",
       "    }\n",
       "\n",
       "    .dataframe tbody tr th {\n",
       "        vertical-align: top;\n",
       "    }\n",
       "\n",
       "    .dataframe thead th {\n",
       "        text-align: right;\n",
       "    }\n",
       "</style>\n",
       "<table border=\"1\" class=\"dataframe\">\n",
       "  <thead>\n",
       "    <tr style=\"text-align: right;\">\n",
       "      <th></th>\n",
       "      <th>Paris</th>\n",
       "      <th>Marseille</th>\n",
       "      <th>Lyon</th>\n",
       "      <th>Toulouse</th>\n",
       "      <th>Nice</th>\n",
       "      <th>Nantes</th>\n",
       "      <th>Montpellier</th>\n",
       "      <th>Strasbourg</th>\n",
       "      <th>Bordeaux</th>\n",
       "      <th>Lille</th>\n",
       "    </tr>\n",
       "  </thead>\n",
       "  <tbody>\n",
       "    <tr>\n",
       "      <th>Paris</th>\n",
       "      <td>0.0</td>\n",
       "      <td>661.0</td>\n",
       "      <td>392.0</td>\n",
       "      <td>589.0</td>\n",
       "      <td>688.0</td>\n",
       "      <td>343.0</td>\n",
       "      <td>596.0</td>\n",
       "      <td>397.0</td>\n",
       "      <td>500.0</td>\n",
       "      <td>204.0</td>\n",
       "    </tr>\n",
       "    <tr>\n",
       "      <th>Marseille</th>\n",
       "      <td>661.0</td>\n",
       "      <td>0.0</td>\n",
       "      <td>278.0</td>\n",
       "      <td>319.0</td>\n",
       "      <td>159.0</td>\n",
       "      <td>696.0</td>\n",
       "      <td>126.0</td>\n",
       "      <td>617.0</td>\n",
       "      <td>506.0</td>\n",
       "      <td>835.0</td>\n",
       "    </tr>\n",
       "    <tr>\n",
       "      <th>Lyon</th>\n",
       "      <td>392.0</td>\n",
       "      <td>278.0</td>\n",
       "      <td>0.0</td>\n",
       "      <td>360.0</td>\n",
       "      <td>300.0</td>\n",
       "      <td>516.0</td>\n",
       "      <td>251.0</td>\n",
       "      <td>384.0</td>\n",
       "      <td>436.0</td>\n",
       "      <td>558.0</td>\n",
       "    </tr>\n",
       "    <tr>\n",
       "      <th>Toulouse</th>\n",
       "      <td>589.0</td>\n",
       "      <td>319.0</td>\n",
       "      <td>360.0</td>\n",
       "      <td>0.0</td>\n",
       "      <td>469.0</td>\n",
       "      <td>466.0</td>\n",
       "      <td>196.0</td>\n",
       "      <td>737.0</td>\n",
       "      <td>212.0</td>\n",
       "      <td>792.0</td>\n",
       "    </tr>\n",
       "    <tr>\n",
       "      <th>Nice</th>\n",
       "      <td>688.0</td>\n",
       "      <td>159.0</td>\n",
       "      <td>300.0</td>\n",
       "      <td>469.0</td>\n",
       "      <td>0.0</td>\n",
       "      <td>792.0</td>\n",
       "      <td>273.0</td>\n",
       "      <td>545.0</td>\n",
       "      <td>638.0</td>\n",
       "      <td>835.0</td>\n",
       "    </tr>\n",
       "    <tr>\n",
       "      <th>Nantes</th>\n",
       "      <td>343.0</td>\n",
       "      <td>696.0</td>\n",
       "      <td>516.0</td>\n",
       "      <td>466.0</td>\n",
       "      <td>792.0</td>\n",
       "      <td>0.0</td>\n",
       "      <td>584.0</td>\n",
       "      <td>710.0</td>\n",
       "      <td>276.0</td>\n",
       "      <td>508.0</td>\n",
       "    </tr>\n",
       "    <tr>\n",
       "      <th>Montpellier</th>\n",
       "      <td>596.0</td>\n",
       "      <td>126.0</td>\n",
       "      <td>251.0</td>\n",
       "      <td>196.0</td>\n",
       "      <td>273.0</td>\n",
       "      <td>584.0</td>\n",
       "      <td>0.0</td>\n",
       "      <td>629.0</td>\n",
       "      <td>381.0</td>\n",
       "      <td>784.0</td>\n",
       "    </tr>\n",
       "    <tr>\n",
       "      <th>Strasbourg</th>\n",
       "      <td>397.0</td>\n",
       "      <td>617.0</td>\n",
       "      <td>384.0</td>\n",
       "      <td>737.0</td>\n",
       "      <td>545.0</td>\n",
       "      <td>710.0</td>\n",
       "      <td>629.0</td>\n",
       "      <td>0.0</td>\n",
       "      <td>760.0</td>\n",
       "      <td>408.0</td>\n",
       "    </tr>\n",
       "    <tr>\n",
       "      <th>Bordeaux</th>\n",
       "      <td>500.0</td>\n",
       "      <td>506.0</td>\n",
       "      <td>436.0</td>\n",
       "      <td>212.0</td>\n",
       "      <td>638.0</td>\n",
       "      <td>276.0</td>\n",
       "      <td>381.0</td>\n",
       "      <td>760.0</td>\n",
       "      <td>0.0</td>\n",
       "      <td>700.0</td>\n",
       "    </tr>\n",
       "    <tr>\n",
       "      <th>Lille</th>\n",
       "      <td>204.0</td>\n",
       "      <td>835.0</td>\n",
       "      <td>558.0</td>\n",
       "      <td>792.0</td>\n",
       "      <td>835.0</td>\n",
       "      <td>508.0</td>\n",
       "      <td>784.0</td>\n",
       "      <td>408.0</td>\n",
       "      <td>700.0</td>\n",
       "      <td>0.0</td>\n",
       "    </tr>\n",
       "  </tbody>\n",
       "</table>\n",
       "</div>"
      ],
      "text/plain": [
       "             Paris  Marseille   Lyon  Toulouse   Nice  Nantes  Montpellier  \\\n",
       "Paris          0.0      661.0  392.0     589.0  688.0   343.0        596.0   \n",
       "Marseille    661.0        0.0  278.0     319.0  159.0   696.0        126.0   \n",
       "Lyon         392.0      278.0    0.0     360.0  300.0   516.0        251.0   \n",
       "Toulouse     589.0      319.0  360.0       0.0  469.0   466.0        196.0   \n",
       "Nice         688.0      159.0  300.0     469.0    0.0   792.0        273.0   \n",
       "Nantes       343.0      696.0  516.0     466.0  792.0     0.0        584.0   \n",
       "Montpellier  596.0      126.0  251.0     196.0  273.0   584.0          0.0   \n",
       "Strasbourg   397.0      617.0  384.0     737.0  545.0   710.0        629.0   \n",
       "Bordeaux     500.0      506.0  436.0     212.0  638.0   276.0        381.0   \n",
       "Lille        204.0      835.0  558.0     792.0  835.0   508.0        784.0   \n",
       "\n",
       "             Strasbourg  Bordeaux  Lille  \n",
       "Paris             397.0     500.0  204.0  \n",
       "Marseille         617.0     506.0  835.0  \n",
       "Lyon              384.0     436.0  558.0  \n",
       "Toulouse          737.0     212.0  792.0  \n",
       "Nice              545.0     638.0  835.0  \n",
       "Nantes            710.0     276.0  508.0  \n",
       "Montpellier       629.0     381.0  784.0  \n",
       "Strasbourg          0.0     760.0  408.0  \n",
       "Bordeaux          760.0       0.0  700.0  \n",
       "Lille             408.0     700.0    0.0  "
      ]
     },
     "execution_count": 17,
     "metadata": {},
     "output_type": "execute_result"
    }
   ],
   "source": [
    "req = requests.get(\"https://fr.wikipedia.org/wiki/Liste_des_communes_de_France_les_plus_peuplées\")\n",
    "soup = bs4.BeautifulSoup(req.text)\n",
    "cities = get_most_populated_cities(soup)\n",
    "M = np.zeros((10,10))\n",
    "\n",
    "for i in range(len(cities)):\n",
    "    for j in range(len(cities)):\n",
    "        M[i,j] = get_distance(cities[i], cities[j])  \n",
    "        \n",
    "df = pd.DataFrame(M, index=cities, columns=cities)\n",
    "df"
   ]
  },
  {
   "cell_type": "code",
   "execution_count": null,
   "metadata": {},
   "outputs": [],
   "source": []
  }
 ],
 "metadata": {
  "kernelspec": {
   "display_name": "Python 3",
   "language": "python",
   "name": "python3"
  },
  "language_info": {
   "codemirror_mode": {
    "name": "ipython",
    "version": 3
   },
   "file_extension": ".py",
   "mimetype": "text/x-python",
   "name": "python",
   "nbconvert_exporter": "python",
   "pygments_lexer": "ipython3",
   "version": "3.7.3"
  }
 },
 "nbformat": 4,
 "nbformat_minor": 2
}
